00000001 000 00E01100 00000000 00000FFF 00000000 00000000 00000000 00000000 00000000 00000000 00000000 00000000 00000000 00000000 00000000 00000000 00000000 00000000
00000002 002 00EE10FD 00000000 FFFFFFFD 00000000 00000000 00000000 00000000 00000000 00000000 00000000 00000000 00000000 00000000 00000000 00000000 00000FFF 00000000
00000003 003 11AE1000 00000000 00000000 00000000 00000000 00000000 00000000 00000000 00000000 00000000 00000000 00000000 00000000 00000000 00000000 00000FFC 00000000
00000004 004 11BE1001 00000000 00000001 00000000 00000000 00000000 00000000 00000000 00000000 00000000 00000000 00000000 00000000 00000000 00000000 00000FFC 00000000
00000005 005 11CE1002 00000000 00000002 00000000 00000000 00000000 00000000 00000000 00000000 00000000 00000000 00000000 00000000 00000000 00000000 00000FFC 00000000
00000007 006 10901100 00000000 00000100 00000000 00000000 00000000 00000000 00000000 00000000 00000000 00000000 00000000 00000000 00000000 00000000 00000FFC 00000000
00000009 008 03391100 00000000 000000FF 00000000 00000000 00000000 00000000 00000000 00000000 00000000 00000000 00000000 00000000 00000000 00000000 00000FFC 00000000
0000000A 00A 08491008 00000000 00000008 00000000 00000000 00000000 00000000 00000000 00000000 00000000 00000000 00000000 00000000 00000000 00000000 00000FFC 00000000
0000000C 00B 10901100 00000000 00000102 00000000 00000000 00000000 00000000 00000000 00000000 00000000 00000000 00000000 00000000 00000000 00000000 00000FFC 00000000
0000000E 00D 03591100 00000000 000000FF 00000000 00000000 00000000 00000000 00000000 00000000 00000000 00000000 00000000 00000000 00000000 00000000 00000FFC 00000000
0000000F 00F 08691008 00000000 00000008 00000000 00000000 00000000 00000000 00000000 00000000 00000000 00000000 00000000 00000000 00000000 00000000 00000FFC 00000000
00000010 010 00A01001 00000000 00000001 00000000 00000000 00000000 00000000 00000000 00000000 00000000 00000000 00000000 00000000 00000000 00000000 00000FFC 00000000
00000012 011 00B01100 00000000 000000FF 00000000 00000000 00000000 00000000 00000000 00000000 00000000 00000000 00000001 00000000 00000000 00000000 00000FFC 00000000
00000014 013 00C01100 00000000 00000100 00000000 00000000 00000000 00000000 00000000 00000000 00000000 00000000 00000001 000000FF 00000000 00000000 00000FFC 00000000
00000015 015 00740000 00000000 00000000 00000000 00000000 00000000 00000000 00000000 00000000 00000000 00000000 00000001 000000FF 00000100 00000000 00000FFC 00000000
00000017 016 0C176100 00000000 00000026 00000000 00000000 00000000 00000000 00000000 00000000 00000000 00000000 00000001 000000FF 00000100 00000000 00000FFC 00000000
00000018 018 00830000 00000000 00000000 00000000 00000000 00000000 00000000 00000000 00000000 00000000 00000000 00000001 000000FF 00000100 00000000 00000FFC 00000000
0000001A 019 0C185100 00000000 00000023 00000000 00000000 00000000 00000000 00000000 00000000 00000000 00000000 00000001 000000FF 00000100 00000000 00000FFC 00000000
0000001B 01B 0297C000 00000000 00000000 00000000 00000000 00000000 00000000 00000000 00000000 00000000 00000000 00000001 000000FF 00000100 00000000 00000FFC 00000000
0000001C 01C 00998000 00000000 00000000 00000000 00000000 00000000 00000000 00000000 00000000 00000000 00000000 00000001 000000FF 00000100 00000000 00000FFC 00000000
0000001D 01D 14901014 00000000 00000014 00000000 00000000 00000000 00000000 00000000 00000000 00000000 00000000 00000001 000000FF 00000100 00000000 00000FFC 00000000
0000001E 01E 14B01015 00000000 00000015 00000000 00000000 00000000 00000000 00000000 00000000 00000000 00000000 00000001 000000FF 00000100 00000000 00000FFC 00000000
0000001F 01F 14A01016 00000000 00000016 00000000 00000000 00000000 00000000 00000000 00000000 00000000 00000000 00000001 000000FF 00000100 00000000 00000FFC 00000000
00000020 020 00881001 00000000 00000001 00000000 00000000 00000000 00000000 00000000 00000000 00000000 00000000 00000001 000000FF 00000100 00000000 00000FFC 00000000
00000022 021 09100100 00000000 00000019 00000000 00000000 00000000 00000000 00000000 00000000 00000001 00000000 00000001 000000FF 00000100 00000000 00000FFC 00000000
00000024 019 0C185100 00000000 00000023 00000000 00000000 00000000 00000000 00000000 00000000 00000001 00000000 00000001 000000FF 00000100 00000000 00000FFC 00000000
00000025 023 00771001 00000000 00000001 00000000 00000000 00000000 00000000 00000000 00000000 00000001 00000000 00000001 000000FF 00000100 00000000 00000FFC 00000000
00000027 024 09100100 00000000 00000016 00000000 00000000 00000000 00000000 00000000 00000001 00000001 00000000 00000001 000000FF 00000100 00000000 00000FFC 00000000
00000029 016 0C176100 00000000 00000026 00000000 00000000 00000000 00000000 00000000 00000001 00000001 00000000 00000001 000000FF 00000100 00000000 00000FFC 00000000
0000002A 026 10AE1000 00000000 00000000 00000000 00000000 00000000 00000000 00000000 00000001 00000001 00000000 00000001 000000FF 00000100 00000000 00000FFC 00000000
0000002B 027 10BE1001 00000000 00000001 00000000 00000000 00000000 00000000 00000000 00000001 00000001 00000000 00000000 000000FF 00000100 00000000 00000FFC 00000000
0000002C 028 10CE1002 00000000 00000002 00000000 00000000 00000000 00000000 00000000 00000001 00000001 00000000 00000000 00000000 00000100 00000000 00000FFC 00000000
0000002D 029 00EE1003 00000000 00000003 00000000 00000000 00000000 00000000 00000000 00000001 00000001 00000000 00000000 00000000 00000000 00000000 00000FFC 00000000
0000002E 02A 15000000 00000000 00000000 00000000 00000000 00000000 00000000 00000000 00000001 00000001 00000000 00000000 00000000 00000000 00000000 00000FFF 00000000
